version https://git-lfs.github.com/spec/v1
oid sha256:f8d58ef722dc33ee706b7c868261fa121e10c43c610ea2aafea2cf3672b27191
size 70
